0 0.2546875 0.1578125 0.0171875 0.03125
0 0.33515625 0.10234375 0.0109375 0.02265625
1 0.34609375 0.10625 0.009375 0.01953125
0 0.31015625 0.06015625 0.01171875 0.01875
1 0.54375 0.071875 0.00859375 0.0140625
1 0.60859375 0.0921875 0.00859375 0.01640625
0 0.61640625 0.096875 0.0109375 0.01875
1 0.646875 0.10078125 0.0078125 0.01640625
1 0.7234375 0.11640625 0.00625 0.01875
0 0.78984375 0.17265625 0.0140625 0.02734375
0 0.6078125 0.2453125 0.01875 0.03125
1 0.85859375 0.275 0.0125 0.028125
1 0.86953125 0.27421875 0.0109375 0.0296875