0 0.66484375 0.23515625 0.190625 0.3515625
0 0.5046875 0.146875 0.1640625 0.2734375
1 0.190625 0.14453125 0.059375 0.0875
1 0.09921875 0.1390625 0.0328125 0.065625
1 0.2515625 0.08984375 0.028125 0.071875
1 0.04609375 0.15390625 0.065625 0.1015625
1 0.3328125 0.0890625 0.0390625 0.0625
1 0.371875 0.18125 0.05 0.0890625
1 0.94609375 0.11484375 0.05 0.1296875
1 0.84375 0.1625 0.05 0.1015625
1 0.86484375 0.165625 0.04375 0.1109375
1 0.89453125 0.15859375 0.0390625 0.10625
1 0.9875 0.1109375 0.025 0.121875
1 0.38671875 0.0640625 0.0375 0.0703125
1 0.40546875 0.13203125 0.0265625 0.05
1 0.43203125 0.0671875 0.0296875 0.0765625
1 0.58203125 0.06953125 0.0390625 0.0578125