0 0.2859375 0.47265625 0.178125 0.2953125
0 0.92578125 0.5171875 0.1484375 0.3046875
0 0.8328125 0.334375 0.1125 0.2015625
0 0.6125 0.3015625 0.0703125 0.096875
1 0.66328125 0.28359375 0.04375 0.103125
1 0.70390625 0.2796875 0.059375 0.0921875
1 0.4171875 0.465625 0.0921875 0.209375
1 0.34296875 0.075 0.046875 0.078125
1 0.4375 0.0734375 0.053125 0.1046875
1 0.67109375 0.071875 0.05625 0.09375
1 0.7765625 0.04609375 0.1015625 0.0921875
1 0.8515625 0.06484375 0.046875 0.0671875
1 0.90625 0.05859375 0.05625 0.0703125
1 0.97734375 0.0828125 0.0453125 0.05625
1 0.471875 0.253125 0.06875 0.0765625
1 0.32421875 0.2375 0.0453125 0.0828125
1 0.26015625 0.2375 0.0453125 0.109375
1 0.19453125 0.2375 0.053125 0.0984375