0 0.74765625 0.7640625 0.015625 0.028125
0 0.40078125 0.53359375 0.0125 0.015625
0 0.3828125 0.52421875 0.0109375 0.0109375
0 0.53359375 0.5890625 0.009375 0.0171875
0 0.64453125 0.5953125 0.0109375 0.0171875
0 0.82421875 0.765625 0.0125 0.0234375
1 0.84296875 0.828125 0.01875 0.028125
1 0.85390625 0.88984375 0.015625 0.028125
0 0.9328125 0.6625 0.009375 0.01875
0 0.8359375 0.52421875 0.00625 0.0125
0 0.828125 0.51484375 0.00625 0.0109375
0 0.7671875 0.49453125 0.0046875 0.0078125
0 0.90078125 0.51875 0.0046875 0.0046875
0 0.5046875 0.48046875 0.00625 0.009375
0 0.4421875 0.51953125 0.00625 0.0078125
1 0.46015625 0.5203125 0.0046875 0.0109375