0 0.12890625 0.6625 0.1328125 0.1671875
0 0.725 0.5296875 0.090625 0.1359375
0 0.5296875 0.6109375 0.0734375 0.121875
0 0.4046875 0.478125 0.046875 0.115625
0 0.31484375 0.5015625 0.021875 0.0390625
0 0.37265625 0.52734375 0.01875 0.0390625
0 0.321875 0.609375 0.0484375 0.0828125
0 0.38671875 0.68671875 0.09375 0.1328125
1 0.67265625 0.50546875 0.0296875 0.08125
1 0.621875 0.590625 0.046875 0.075
1 0.6421875 0.7203125 0.090625 0.1921875
0 0.5109375 0.41171875 0.0140625 0.0171875
0 0.290625 0.45625 0.015625 0.0375
0 0.26875 0.4484375 0.015625 0.03125
0 0.2640625 0.3671875 0.0078125 0.021875
0 0.6265625 0.4375 0.0109375 0.028125
0 0.6640625 0.446875 0.009375 0.0203125
0 0.68125 0.4375 0.015625 0.0234375
0 0.1921875 0.371875 0.009375 0.0203125
0 0.1125 0.375 0.0125 0.01875
0 0.20546875 0.42109375 0.015625 0.028125
1 0.196875 0.44765625 0.0125 0.021875
0 0.0890625 0.421875 0.0171875 0.0296875
0 0.13046875 0.4625 0.021875 0.0359375
0 0.13203125 0.3609375 0.0109375 0.015625
0 0.2046875 0.37265625 0.009375 0.015625
1 0.2921875 0.37109375 0.0078125 0.015625
0 0.209375 0.5140625 0.0234375 0.040625
0 0.2328125 0.4828125 0.01875 0.0359375
0 0.24375 0.54765625 0.0296875 0.05625
1 0.0640625 0.39609375 0.01875 0.028125
0 0.00859375 0.434375 0.0171875 0.034375