0 0.41328125 0.28125 0.046875 0.078125
0 0.546875 0.30390625 0.0375 0.0640625
0 0.46640625 0.27265625 0.04375 0.0859375
0 0.7328125 0.3359375 0.0171875 0.0359375
0 0.70703125 0.3234375 0.0140625 0.0203125
0 0.65546875 0.3234375 0.0140625 0.0359375
0 0.13671875 0.3140625 0.053125 0.0859375
0 0.240625 0.3484375 0.0125 0.0234375
0 0.29296875 0.3328125 0.0125 0.0171875
1 0.790625 0.3234375 0.0296875 0.05625
0 0.59765625 0.32421875 0.0203125 0.0296875
0 0.328125 0.3328125 0.009375 0.015625
0 0.3765625 0.31796875 0.01875 0.0265625