1 0.61640625 0.23125 0.0125 0.0234375
1 0.59296875 0.2296875 0.0125 0.0203125
0 0.44765625 0.2078125 0.0140625 0.028125
1 0.36640625 0.19296875 0.00625 0.015625
1 0.34921875 0.1953125 0.0078125 0.0140625
1 0.33125 0.190625 0.00625 0.0125
1 0.23671875 0.1765625 0.0125 0.021875
0 0.7609375 0.28984375 0.0125 0.01875
1 0.946875 0.359375 0.0140625 0.025
1 0.88203125 0.3265625 0.0109375 0.0203125
1 0.90625 0.34609375 0.0125 0.021875
1 0.1640625 0.15625 0.0125 0.0203125
1 0.17734375 0.165625 0.009375 0.0171875